11982.238153
11541.508789
11540.760317
12891.311472
12003.374640
12138.637120
12464.000041
12301.744863
11553.271573
12250.162384
12337.245789
12226.291881
11302.804892
12676.059601
11347.452220
11533.154001
11933.443969
11274.052301
11303.616068
11729.670567
12100.406537
12566.332622
11941.485454
11981.821786
11248.822267
11766.750653
11894.312315
11115.100020
11888.858478
10954.325987
11309.219031
11781.427547
12000.286033
12811.009038
12012.226682
12849.477849
11314.082979
11438.535322
11970.579415
11533.949917
10961.238865
12729.704541
11181.807778
11922.982210
12234.678020
10925.277998
12061.269467
10695.464081
11503.908100
11809.219396
10567.785687
11870.069716
11936.238732
11502.255180
12646.221727
11167.738268
11922.564040
12452.761616
12383.161294
12219.936318
10784.714506
12022.096849
11672.508707
11776.637000
12630.163541
11388.357893
11339.949786
12563.311086
11805.034022
11443.931178
11379.405145
11329.247843
11885.950263
12102.291497
12642.379501
12535.822850
11264.619501
11397.982892
11463.506434
10932.470461
11767.847352
12531.389458
11451.444543
11265.006089
11326.567599
11073.002269
11229.405991
12136.240778
11898.165062
11728.097976
12084.651331
11100.331464
11028.770714
12304.547259
11582.467055
12088.766402
11359.162814
11597.459205
12024.804866
12555.586275
10574.063450
12135.128368
11523.519243
12893.561157
11232.378823
11671.363501
11194.893043
12429.519658
12706.084376
10474.988982
10622.173623
12066.607226
11560.871502
11359.801822
11157.995406
11673.599195
11751.412499
11298.166080
11852.873221
11860.909913
11295.470139
12095.147403
11353.345860
11592.359101
11317.826819
10982.134927
11803.986761
12432.090512
11411.329059
11559.024933
11207.679673
10877.762326
12781.954317
10799.138365
12616.805992
11748.704572
11411.693935
12165.591608
12064.325987
11378.006449
11721.036451
11643.406656
11080.660080
11722.496388
11829.799744
11022.130358
12183.980363
11030.014308
11799.257008
12529.545340
11845.399487
10955.557329
11927.901114
11564.728170
11546.516014
11941.702698
11879.301351
11197.082467
12560.782604
11765.752898
12622.736963
11912.174963
11245.036260
12362.265814
11342.865478
12150.240140
12411.392445
12137.752300
11411.390039
11397.293219
11484.688198
11508.756222
12229.042896
11809.803421
12359.287953
11998.577926
11388.615257
11034.394471
11895.835192
12208.394406
11626.031536
11257.178171
12380.681895
12340.597633
12404.798473
11761.256510
12292.834815
12824.762228
11600.181182
13274.605609
12115.229227
11397.472119
11867.552686
11733.910110
11364.913256
11354.876238
12429.733308
11334.771467
12141.794579
11372.958961
10756.000080
11887.225084
12624.894483
11281.028525
12366.802968
13160.761057
11337.351030
11834.092285
12976.753493
11941.809996
12574.564039
12123.591438
11555.792815
11538.356397
11327.873201
11523.284997
11348.571264
11837.427989
12107.681442
12554.246772
11109.804202
12521.501044
11463.331997
11197.185438
11231.830465
11760.498809
11548.700625
11632.802096
12061.655484
11483.501292
10789.182957
12401.262967
10971.432795
11157.742467
11665.035935
12228.012036
11571.112024
11350.857008
12348.014233
11090.406365
11844.734712
11128.239972
12481.569460
11555.129906
12040.174981
12138.739059
11565.502076
11010.210879
11547.467447
12633.762757
13117.473211
12629.762051
11637.831833
12537.110054
10695.667099
11856.024495
11475.815367
12616.164107
11614.008370
11732.376934
11438.723856
11741.533012
11037.429502
12872.273035
11617.769942
10932.311089
11085.871390
11871.565093
12365.046251
11835.869257
12307.001847
12060.218225
12107.464434
11924.843661
12429.298724
13051.114255
11529.048716
11257.333368
11597.853207
11967.309500
11640.034784
11601.148330
11920.202554
11837.739090
11627.383267
11051.907382
11795.256866
12173.094757
11834.011279
11580.828749
11100.375854
11900.398265
11852.891319
11656.247074
11977.826907
11275.912950
11324.986353
11864.823784
12024.568207
11663.605230
11721.893345
11705.341407
11781.413990
11332.030255
10694.894633
11612.266386
11061.434744
11947.851155
11598.504387
11537.947795
13072.433164
11892.094550
12092.760657
11320.749831
10770.517239
12184.339325
12214.077008
11001.196062
11455.939604
11464.132791
11501.797067
12069.305945
11158.247321
12340.738399
11222.228214
12621.964245
11967.660829
12111.603600
11679.131079
12734.331976
11985.628725
11598.298401
11071.296288
11558.538614
11322.891678
11865.948393
11527.591741
10733.880531
12382.350952
12079.301151
11970.604837
12018.270256
11889.325054
11566.015759
12402.653133
12123.907411
11385.773677
10952.839289
11489.407776
12434.908611
11706.344085
11779.877590
11150.202632
12267.674130
12683.011889
12329.944430
11443.291032
11112.681200
11799.995982
11807.281265
11146.455136
11818.072343
12299.157109
12391.958577
10821.697327
11008.014597
11308.677522
11523.224139
11860.039562
11672.092835
11841.713435
12257.179424
11047.003201
11887.097113
11947.318532
11128.920760
10829.245331
11803.330528
12141.083031
12113.203758
11458.754000
12170.297266
11987.881624
11358.972370
11063.824080
12656.516106
11209.967819
12079.346291
11843.147415
11421.823953
11464.564725
10994.590799
11159.167854
11730.405549
11852.513869
11574.438527
10975.397495
12014.117720
10846.319741
12175.190314
10891.866677
11724.359521
12101.674470
11442.727317
11277.201279
12200.130010
11788.440829
11263.479578
11533.530684
12243.086402
11846.834760
12245.695639
12004.084412
10544.617980
10665.361303
11662.053528
12027.160986
12047.429783
12502.059970
12066.333944
11776.087171
11326.413278
11189.137062
11327.790200
13393.377751
12202.109760
12626.022591
11091.101588
12735.274626
12537.078185
12226.923671
11506.047078
11656.552728
12259.443148
11936.012014
11492.485396
11367.678854
12252.215846
11796.007445
11261.741451
11609.114112
12640.167779
11745.253872
11249.820800
11542.773423
11464.132779
10972.802789
11349.510844
11462.705915
12285.814594
11809.931722
10859.191188
11206.820217
12036.507275
11831.803112
10458.478813
13493.710929
11767.280834
11172.304810
12044.307040
12032.797373
11759.737680
10744.009124
11385.774893
11639.403116
11278.915286
10884.024519
11366.038567
11506.182946
12201.216791
11449.686714
11823.937293
12587.794108
11395.099048
11969.433306
10429.987947
11366.890760
11832.696470
11537.700626
11502.008891
12244.790803
12477.532186
11942.081657
12484.065588
11629.891345
12420.860227
10817.276663
10988.212357
11681.797071
12310.295077
12267.221389
11592.327690
11662.820776
11854.993814
12205.617120
11411.938948
11594.177623
11417.297838
11112.903615
12482.922484
