500 500
163.299663 88.194444 184.343434 361.111111 crop_000010
124.573379 70.138889 196.245734 345.138889 crop_000011
117.403315 28.472222 272.099448 411.805556 crop_000603
140.651801 148.364486 67.753002 294.392523 crop_000606
194.682676 132.009346 73.756432 283.878505 crop_000606
128.132118 65.126050 108.769932 381.652661 crop_000607
325.740319 44.817927 115.034169 448.179272 crop_000607
168.478261 133.262260 168.478261 281.449893 crop_000608
159.535452 55.840164 152.811736 305.327869 crop001001
18.948655 167.008197 108.801956 197.745902 crop001001
90.464548 91.700820 86.797066 236.680328 crop001001
108.958838 123.975410 175.141243 337.602459 crop001002
230.024213 89.139344 156.981437 401.127049 crop001002
172.150411 59.938525 108.695652 304.815574 crop001003
260.282021 31.762295 127.497062 332.479508 crop001003
196.407186 69.159836 108.982036 298.155738 crop001004
279.640719 94.774590 68.263473 283.811475 crop001004
150.392817 95.286885 106.060606 386.782787 crop001005
193.041526 68.135246 163.299663 412.909836 crop001005
192.783505 58.401639 124.742268 300.717213 crop001006
284.536082 45.081967 94.845361 307.377049 crop001006
92.374214 153.846154 64.465409 318.122555 crop001007
149.371069 134.941330 66.823899 337.027379 crop001007
215.408805 144.719687 71.147799 337.027379 crop001007
284.198113 181.877445 79.402516 309.647979 crop001007
349.449686 190.352021 81.761006 308.344198 crop001007
148.667602 204.285714 37.166900 90.714286 crop001008
248.948107 230.000000 42.776999 86.428571 crop001008
203.974895 122.807018 106.694561 250.398724 crop001009
129.881154 119.718310 227.504244 306.338028 crop001010
72.953737 106.537530 119.661922 368.038741 crop001011
235.765125 101.089588 102.313167 366.828087 crop001011
196.338384 140.368852 126.262626 248.975410 crop001012
158.108108 86.577869 216.216216 350.409836 crop001013
198.224852 156.762295 103.550296 215.163934 crop001014
194.668821 171.161826 128.432956 171.680498 crop001015
194.751381 169.057377 99.447514 187.500000 crop001016
143.633540 130.122951 195.652174 359.631148 crop001017
140.915594 99.385246 205.293276 395.491803 crop001018
120.341615 86.065574 277.173913 399.590164 crop001019
176.010430 135.245902 130.378096 342.213115 crop001020
171.505376 60.963115 204.838710 357.581967 crop001021
194.483734 132.684426 159.830269 256.147541 crop001022
118.981481 111.680328 118.055556 323.770492 crop001023
280.092593 119.877049 94.907407 330.430328 crop001023
191.283293 183.913934 130.145278 311.987705 crop001024
183.035714 152.151639 141.581633 234.631148 crop001025
161.732456 134.733607 114.583333 218.237705 crop001026
270.285088 156.250000 86.074561 181.352459 crop001026
351.425439 174.180328 27.412281 65.061475 crop001026
121.589561 116.290984 275.800712 305.840164 crop001027
158.185841 141.905738 152.101770 334.016393 crop001028
182.317073 157.274590 126.219512 223.360656 crop001029
161.222339 120.389344 51.106428 226.946721 crop001030
304.004215 134.221311 55.321391 175.717213 crop001030
184.988180 128.073770 84.515366 207.991803 crop001031
186.127168 115.778689 119.653179 286.372951 crop001032
177.293065 125.000000 162.192394 364.754098 crop001033
195.000000 122.950820 101.875000 251.536885 crop001034
184.942717 105.020492 182.487725 391.905738 crop001035
176.829268 141.905738 123.475610 233.606557 crop001036
185.997171 100.409836 130.834512 294.057377 crop001037
293.431288 182.417582 52.722558 189.010989 crop001038
159.031979 228.021978 73.898012 124.175824 crop001038
115.384615 196.153846 50.129646 155.494505 crop001038
69.576491 189.010989 45.808124 168.681319 crop001038
314.564565 163.934426 106.606607 239.754098 crop001039
199.699700 155.737705 106.606607 251.024590 crop001039
203.669725 120.588235 98.165138 280.147059 crop001040
228.010825 114.754098 93.369418 329.918033 crop001042
151.556157 98.360656 61.569689 265.368852 crop001042
129.695886 102.971311 149.373882 340.676230 crop001043
215.777262 146.420824 66.125290 206.073753 crop001044
215.240642 172.690763 57.486631 134.538153 crop001045
185.649203 143.305439 107.061503 222.803347 crop001046
226.890756 177.330896 60.924370 166.361974 crop001047
213.310580 185.816876 95.563140 276.481149 crop001048
197.701149 174.715909 45.977011 129.261364 crop001049
256.227758 139.344262 76.512456 252.561475 crop001050
129.300119 151.639344 86.002372 223.360656 crop001050
118.030842 143.442623 29.062871 85.040984 crop001050
90.747331 146.516393 32.028470 80.430328 crop001050
225.385528 163.934426 32.028470 82.479508 crop001050
147.586207 136.782787 102.758621 190.061475 crop001051
104.827586 137.295082 72.413793 116.290984 crop001051
196.897375 165.697674 96.658711 185.077519 crop001052
174.166667 128.073770 198.333333 348.872951 crop001053
222.843450 146.142433 97.444089 199.554896 crop001054
173.322684 165.430267 30.351438 76.409496 crop001054
130.896226 163.934426 136.792453 202.868852 crop001055
168.287938 207.547170 49.610895 153.301887 crop001056
246.108949 211.084906 49.610895 158.018868 crop001056
231.203008 151.685393 69.548872 199.839486 crop001057
172.539490 127.561475 142.162819 336.065574 crop001058
117.474302 124.487705 172.540382 291.495902 crop001059
124.434389 141.393443 205.128205 356.045082 crop001060
215.236686 149.350649 110.946746 217.532468 crop001061
377.958580 196.428571 36.982249 71.428571 crop001061
248.120301 121.413934 159.147870 292.520492 crop001063
189.223058 161.372951 73.934837 113.729508 crop001063
119.047619 149.590164 72.681704 122.950820 crop001063
388.471178 158.811475 76.441103 120.389344 crop001063
84.579977 119.565217 57.537399 278.428094 crop001064
168.584580 152.173913 63.291139 265.050167 crop001064
252.589183 116.220736 69.620253 291.806020 crop001064
336.018412 107.023411 72.497123 319.397993 crop001064
187.203791 112.090680 144.549763 296.599496 crop001066
183.123878 110.465116 182.226212 268.733850 crop001068
219.178082 166.279070 79.452055 177.906977 crop001069
130.136986 151.162791 79.452055 153.488372 crop001069
182.965300 91.700820 157.728707 311.987705 crop001070
193.345324 157.629256 142.086331 253.467844 crop001071
121.747212 129.610656 73.884758 286.885246 crop001072
187.267658 170.081967 74.814126 245.389344 crop001072
223.048327 154.200820 73.884758 259.733607 crop001072
281.598513 142.418033 52.509294 260.245902 crop001072
316.449814 140.368852 52.509294 251.024590 crop001072
378.717472 141.905738 65.055762 250.000000 crop001072
81.196581 142.567568 176.282051 352.027027 crop001073
255.341880 120.270270 53.418803 105.405405 crop001073
125.954198 166.666667 52.671756 178.160920 crop001074
160.305344 169.950739 62.595420 185.550082 crop001074
214.503817 223.316913 45.801527 171.592775 crop001074
266.412214 257.799672 35.114504 124.794745 crop001074
302.290076 169.129721 54.198473 199.507389 crop001074
330.534351 189.655172 59.541985 190.476190 crop001074
390.076336 167.487685 39.694656 105.911330 crop001074
171.399594 185.305592 61.866126 122.886866 crop001075
217.038540 135.240572 108.519270 247.074122 crop001075
185.416667 119.521912 97.916667 241.035857 crop001078
280.208333 131.474104 79.166667 226.095618 crop001078
383.333333 120.517928 43.750000 123.505976 crop001078
345.351044 224.293059 73.055028 145.244216 crop001079
333.017078 128.534704 56.925996 109.897172 crop001079
155.597723 115.681234 147.058824 267.352185 crop001079
267.552182 141.388175 47.438330 90.616967 crop001079
297.912713 131.748072 39.848197 65.552699 crop001079
413.662239 140.102828 31.309298 57.197943 crop001079
216.666667 136.363636 86.111111 217.391304 crop001081
201.388889 49.407115 37.500000 104.743083 crop001081
280.555556 50.395257 51.388889 99.802372 crop001081
219.696970 139.678616 101.851852 276.266996 crop001083
122.895623 145.859085 59.764310 106.304079 crop001083
46.296296 148.949320 46.296296 117.428925 crop001083
142.857143 154.200820 120.160214 344.262295 crop001084
210.268949 109.118852 107.579462 151.127049 crop001085
174.418605 136.270492 160.299003 266.393443 crop001086
105.481728 141.393443 85.548173 190.061475 crop001086
152.173913 126.536885 171.014493 165.983607 crop001087
230.923695 93.237705 208.835341 390.881148 crop001088
170.748299 111.168033 142.176871 313.012295 crop001089
166.836735 132.684426 88.775510 262.295082 crop001090
214.071856 96.823770 127.245509 315.061475 crop001091
178.985507 91.188525 162.318841 367.827869 crop001092
257.158590 97.336066 108.480176 315.573770 crop001093
162.995595 152.663934 98.017621 283.811475 crop001093
93.612335 114.754098 91.960352 290.983607 crop001093
165.806452 142.207053 75.483871 241.183163 crop001094
261.290323 143.344710 90.322581 240.045506 crop001094
338.064516 145.051195 56.129032 135.949943 crop001094
83.870968 158.134243 49.677419 110.352673 crop001094
373.548387 147.895336 54.838710 134.243458 crop001094
248.701299 115.266393 116.233766 268.954918 crop001095
105.194805 79.918033 138.961039 355.532787 crop001095
180.112570 132.782719 126.641651 242.693774 crop001096
217.842324 149.193548 50.484094 228.830645 crop001097
154.218534 145.161290 47.717842 221.774194 crop001097
327.109267 168.346774 38.727524 190.524194 crop001097
290.528233 163.551402 61.020036 194.392523 crop001098
132.375189 115.778689 180.786687 293.545082 crop001099
46.142209 212.090164 92.284418 210.040984 crop001099
54.505006 149.452269 77.308120 298.122066 crop001102
118.464961 142.410016 36.707453 154.929577 crop001102
188.542825 140.062598 55.061179 191.705790 crop001102
237.486096 146.322379 48.387097 184.663537 crop001102
285.873192 145.539906 40.600667 169.014085 crop001102
323.692992 140.845070 36.707453 197.965571 crop001102
346.496107 124.413146 45.606229 212.050078 crop001102
219.038817 159.016393 73.937153 169.672131 crop001103
158.146965 161.832947 129.392971 233.758701 crop001104
292.332268 240.139211 52.715655 148.491879 crop001104
70.287540 136.310905 126.996805 242.459397 crop001104
192.456480 198.841699 72.533849 135.778636 crop001105
170.866142 122.747748 156.692913 251.126126 crop001106
132.065217 102.459016 134.782609 344.262295 crop001107
279.891304 169.057377 85.326087 307.889344 crop001107
364.130435 132.684426 93.478261 300.717213 crop001107
156.307130 150.254669 106.946984 230.050934 crop001108
234.177215 117.117117 94.936709 263.963964 crop001109
194.945848 206.695779 41.516245 139.737991 crop001110
224.729242 208.879185 68.592058 138.282387 crop001110
208.171206 178.770950 64.202335 152.932961 crop001111
271.072797 215.163934 37.356322 102.459016 crop001112
223.180077 209.016393 38.314176 106.557377 crop001112
177.868852 139.784946 130.327869 260.752688 crop001113
124.590164 20.967742 50.819672 93.010753 crop001113
352.459016 34.408602 41.803279 79.032258 crop001113
230.042017 125.799574 83.508403 293.710021 crop001114
144.432773 161.513859 88.235294 216.950959 crop001114
342.962185 131.130064 95.063025 281.449893 crop001114
247.899160 156.091371 49.369748 230.964467 crop001115
178.571429 203.045685 58.823529 182.741117 crop001115
318.728522 178.815490 57.560137 179.954442 crop001116
153.780069 195.899772 37.800687 169.703872 crop001116
79.207921 218.253968 37.623762 132.275132 crop001119
179.738562 153.000000 44.934641 169.000000 crop001120
215.686275 153.000000 42.483660 179.000000 crop001120
283.496732 156.000000 55.555556 169.000000 crop001120
334.150327 180.000000 47.385621 156.000000 crop001120
166.095890 212.701613 39.383562 143.145161 crop001121
209.760274 165.322581 65.924658 199.596774 crop001121
293.664384 161.290323 65.068493 198.588710 crop001121
263.313609 169.001751 71.005917 186.514886 crop001122
203.155819 169.877408 62.130178 181.260946 crop001122
168.761221 112.519810 91.561939 265.451664 crop001123
241.472172 111.727417 69.120287 270.206022 crop001123
224.798387 129.888268 144.153226 256.983240 crop001124
376.008065 154.329609 101.814516 229.748603 crop001124
127.470356 176.342525 88.932806 222.786647 crop001125
245.059289 156.748911 103.754941 242.380261 crop001125
146.929825 143.196203 78.216374 218.354430 crop001126
227.339181 171.677215 47.514620 183.544304 crop001126
266.081871 166.930380 54.824561 180.379747 crop001126
312.865497 166.139241 46.052632 183.544304 crop001126
349.415205 163.765823 51.900585 181.962025 crop001126
404.239766 168.512658 58.479532 177.215190 crop001126
265.217391 149.317406 67.391304 211.604096 crop001127
205.072464 158.703072 48.550725 160.409556 crop001127
139.130435 129.692833 60.144928 269.624573 crop001127
129.952456 134.347275 227.416799 359.949303 crop001128
111.111111 103.107345 192.592593 286.016949 crop001129
154.975530 102.459016 176.998369 349.897541 crop001130
156.666667 125.000000 199.166667 285.348361 crop001131
144.508671 117.827869 185.693642 360.143443 crop001132
186.655405 193.277311 61.655405 228.991597 crop001133
199.556541 142.156863 124.168514 244.281046 crop001134
184.538653 142.561983 83.541147 199.380165 crop001135
190.090090 170.995671 30.630631 121.212121 crop001136
216.216216 176.406926 31.531532 119.047619 crop001136
261.261261 179.653680 20.720721 111.471861 crop001136
281.081081 181.818182 22.522523 110.389610 crop001136
219.298246 139.726027 100.389864 275.342466 crop001137
187.908497 159.646739 109.477124 288.722826 crop001138
257.352941 161.005435 126.633987 309.103261 crop001138
173.611111 156.779661 116.071429 280.367232 crop001140
272.668394 107.581967 79.663212 275.614754 crop001141
122.409326 114.241803 103.626943 263.831967 crop001141
83.549223 122.950820 35.621762 89.651639 crop001141
382.772021 99.897541 78.367876 195.696721 crop001141
185.053381 121.031746 68.505338 196.428571 crop001142
157.164869 85.959885 60.092450 252.865330 crop001143
100.924499 78.080229 67.796610 217.765043 crop001143
51.617874 57.306590 60.862866 171.919771 crop001143
231.895223 116.762178 73.959938 254.297994 crop001143
327.426810 110.315186 64.714946 231.375358 crop001143
286.423841 163.725490 57.947020 202.941176 crop001144
340.231788 155.882353 62.913907 198.039216 crop001144
261.589404 138.235294 45.529801 217.647059 crop001144
213.576159 150.980392 54.635762 192.156863 crop001144
134.933775 149.019608 42.218543 194.117647 crop001144
213.333333 169.590643 57.500000 239.766082 crop001145
50.000000 92.592593 72.500000 205.653021 crop001145
220.034247 151.388889 131.849315 347.222222 crop001146
174.603175 109.223301 168.934240 262.944984 crop001147
236.151603 123.355263 80.174927 205.592105 crop001148
202.422145 130.524862 103.806228 271.408840 crop001149
105.536332 119.475138 88.235294 262.430939 crop001149
237.288136 162.790698 50.847458 184.593023 crop001150
183.053040 123.463115 125.485123 289.959016 crop001151
172.526042 95.799180 171.875000 389.344262 crop001152
264.077670 213.804714 46.601942 127.946128 crop001153
158.936652 82.479508 191.176471 412.909836 crop001154
178.726483 86.577869 123.733719 398.565574 crop001155
162.020906 103.995902 149.825784 298.155738 crop001156
129.770992 108.433735 112.595420 296.385542 crop001158
272.900763 101.204819 118.320611 169.879518 crop001158
188.235294 135.658915 123.529412 201.550388 crop001160
166.189112 109.223301 107.449857 303.398058 crop001162
275.071633 117.718447 103.151862 302.184466 crop001162
371.060172 131.067961 80.229226 216.019417 crop001162
26.315789 103.752759 221.491228 305.739514 crop001163
82.096934 145.442359 37.586548 178.284182 crop001164
160.731949 166.890080 32.640950 143.431635 crop001164
118.694362 166.219839 23.738872 107.238606 crop001164
191.394659 164.879357 75.667656 272.117962 crop001164
317.507418 148.793566 66.271019 256.702413 crop001164
388.229476 137.399464 69.238378 260.723861 crop001164
258.654797 165.549598 37.586548 138.739946 crop001164
53.907023 169.571046 18.793274 68.364611 crop001164
183.658171 97.848361 142.428786 318.647541 crop001200
188.498403 142.930328 90.255591 201.844262 crop001201
145.161290 109.631148 178.225806 309.426230 crop001202
185.015291 139.860140 76.452599 223.776224 crop001205
241.590214 158.216783 98.623853 183.566434 crop001205
190.045249 112.737921 122.171946 289.897511 crop001206
209.635417 115.638767 104.166667 225.770925 crop001207
133.996937 99.724897 67.381317 179.504814 crop001208
274.119449 115.543329 121.745789 309.491059 crop001208
220.520674 86.657497 52.067381 88.720770 crop001208
227.810651 102.351314 215.976331 272.475795 crop001210
154.320988 110.143443 171.467764 304.815574 crop001211
168.893130 128.236745 204.198473 274.352651 crop001212
128.951747 121.413934 231.281198 307.889344 crop001213
221.230159 154.239766 93.253968 195.906433 crop001214
168.488160 72.931276 146.630237 325.385694 crop001216
156.716418 115.384615 179.104478 304.675716 crop001217
121.535181 95.776772 50.106610 107.843137 crop001217
55.437100 93.514329 58.635394 98.039216 crop001217
103.379722 160.000000 118.290258 230.000000 crop001218
192.575406 120.431894 104.408353 256.644518 crop001219
278.290993 139.450867 113.163972 243.497110 crop001220
199.844479 113.725490 107.309487 362.745098 crop001222
115.085537 84.967320 74.650078 127.450980 crop001222
164.835165 116.038882 119.309262 266.707169 crop001230
188.099808 125.560538 140.115163 230.941704 crop001231
152.466368 97.849462 226.457399 358.602151 crop001232
188.888889 120.641562 134.343434 247.559275 crop001234
125.735294 108.847497 213.970588 311.408615 crop001235
90.909091 130.365660 67.513369 240.063593 crop001236
219.251337 128.775835 97.593583 301.271860 crop001236
314.171123 132.750397 87.566845 244.038156 crop001236
193.647541 117.213115 111.680328 250.000000 crop001237
208.641975 114.121511 114.814815 276.683087 crop001238
225.000000 134.417808 132.291667 275.684932 crop001241
200.549451 105.263158 173.076923 367.822967 crop001242
219.745223 124.469590 227.707006 251.768034 crop001246
169.595782 89.595376 173.110721 312.716763 crop001247
151.840491 106.828194 202.453988 294.603524 crop001248
167.447307 59.426230 151.639344 351.946721 crop001250
170.542636 37.397541 210.852713 395.491803 crop001251
150.684932 107.544141 152.641879 284.109149 crop001252
162.204724 85.553279 143.307087 350.922131 crop001253
50.359712 72.745902 183.453237 318.135246 crop001254
260.240964 111.850866 159.036145 251.664447 crop001255
203.740157 118.819777 124.015748 261.562998 crop001256
171.903882 114.077670 110.905730 252.427184 crop001257
224.568138 107.963247 100.767754 279.479326 crop001258
156.686627 89.494163 212.574850 319.714656 crop001259
153.785489 112.469438 127.760252 267.726161 crop001260
201.892744 115.525672 118.296530 254.278729 crop001260
112.676056 97.938144 154.049296 315.721649 crop001263
101.232394 76.030928 55.457746 97.293814 crop001263
214.685315 62.500000 118.881119 340.676230 crop001264
85.314685 79.918033 139.860140 271.004098 crop001264
225.524476 137.231504 60.314685 279.236277 crop001265
340.034965 137.231504 40.209790 211.217184 crop001265
148.601399 139.618138 46.328671 171.837709 crop001265
195.804196 118.138425 43.706294 218.377088 crop001265
144.822006 158.730159 41.262136 226.757370 crop001267
283.171521 170.068027 45.307443 217.687075 crop001267
413.430421 191.609977 46.925566 195.011338 crop001267
89.805825 189.342404 38.025890 175.736961 crop001267
183.656958 176.870748 38.834951 155.328798 crop001267
166.397415 145.584726 66.235864 233.890215 crop001268
100.969305 145.584726 46.042003 173.031026 crop001268
264.943457 151.551313 49.273021 171.837709 crop001268
316.639742 150.357995 62.197092 213.603819 crop001268
396.607431 168.257757 29.886914 181.384248 crop001268
151.215805 121.913580 96.504559 185.956790 crop001270
235.562310 165.123457 112.462006 235.339506 crop001270
240.105541 103.571429 91.029024 239.285714 crop001271
189.973615 123.809524 50.131926 184.523810 crop001271
167.040359 112.723214 122.197309 273.437500 crop001272
296.464646 113.126079 57.070707 297.063903 crop001273
115.151515 94.127807 63.636364 269.430052 crop001273
191.648822 140.583554 110.278373 265.251989 crop001274
193.258427 129.548763 170.786517 256.914119 crop001275
178.327645 93.137255 188.566553 374.183007 crop001276
95.652174 162.634409 130.434783 178.763441 crop001278
209.677419 156.521739 94.758065 179.710145 crop001500
216.129032 189.008043 59.139785 164.879357 crop001503
384.115884 169.791667 37.962038 145.312500 crop001505
281.718282 135.937500 58.441558 284.375000 crop001505
248.751249 176.041667 47.952048 240.104167 crop001505
168.831169 182.291667 43.456543 203.645833 crop001505
75.924076 170.312500 36.963037 156.770833 crop001505
188.908146 109.449761 118.717504 274.521531 crop001506
318.978102 157.812500 86.861314 247.395833 crop001507
170.802920 155.208333 91.970803 236.458333 crop001507
264.963504 122.395833 89.781022 241.666667 crop001507
254.186603 141.304348 74.760766 251.086957 crop001508
188.995215 153.804348 65.789474 216.304348 crop001508
231.316726 144.791667 86.002372 247.395833 crop001509
166.408669 114.583333 135.448916 289.583333 crop001510
124.397300 135.376756 63.645130 224.137931 crop001513
310.993250 134.099617 60.752170 203.065134 crop001513
173.758865 156.297420 59.397163 151.745068 crop001515
266.843972 173.748103 72.695035 207.890744 crop001515
228.047182 108.333333 97.640891 311.458333 crop001516
176.751592 80.208333 155.254777 343.750000 crop001517
56.528662 116.145833 69.267516 129.166667 crop001517
156.410256 155.660377 74.358974 209.568733 crop001518
169.910180 118.143460 139.970060 285.337553 crop001519
104.406130 157.407407 41.187739 180.555556 crop001523
288.634098 109.391676 82.253240 296.157951 crop001524
298.039216 144.430052 37.908497 116.580311 crop001525
194.771242 139.896373 64.052288 229.274611 crop001525
147.712418 144.430052 43.790850 170.336788 crop001525
238.072519 135.416667 68.225191 264.583333 crop001526
148.377863 117.708333 74.427481 281.770833 crop001526
48.187023 108.854167 28.625954 91.145833 crop001526
133.519553 166.865316 53.072626 197.258641 crop001527
411.173184 175.208582 44.692737 149.582837 crop001527
266.480447 187.723480 53.631285 177.592372 crop001527
196.648045 169.249106 36.871508 117.997616 crop001527
192.028986 129.687500 100.000000 267.187500 crop001528
219.786730 114.002478 81.753555 281.908302 crop001529
298.578199 114.622057 34.360190 161.090458 crop001529
345.971564 109.045849 23.696682 120.817844 crop001529
262.169680 169.491525 48.678720 168.549906 crop001530
265.946502 147.916667 73.559671 265.625000 crop001532
157.921811 158.333333 73.045267 223.958333 crop001532
310.928433 134.895833 29.980658 110.937500 crop001534
142.649903 144.791667 92.843327 248.958333 crop001534
278.046422 146.875000 19.825919 67.708333 crop001534
143.851508 198.870765 41.183295 125.470514 crop001536
223.317865 200.752823 30.742459 89.084065 crop001536
345.127610 202.007528 23.781903 85.947302 crop001536
80.046404 197.616060 49.303944 158.092848 crop001536
311.959654 206.959707 26.657061 118.131868 crop001537
339.635854 116.402116 53.221289 152.777778 crop001538
126.050420 141.534392 110.644258 269.841270 crop001538
235.239852 168.466523 53.505535 204.103672 crop001539
304.558011 182.203390 61.464088 201.271186 crop001540
157.458564 173.022599 51.104972 159.604520 crop001540
165.769645 155.208333 75.349839 248.437500 crop001541
242.195910 164.583333 37.136706 132.291667 crop001541
179.148311 139.450867 59.471366 199.421965 crop001542
214.899713 192.957746 45.845272 122.535211 crop001543
414.040115 178.873239 42.979943 85.915493 crop001543
115.476190 166.666667 27.380952 78.333333 crop001547
192.439863 198.473282 46.391753 137.404580 crop001548
216.753927 143.340858 48.691099 243.227991 crop001550
276.439791 99.887133 104.712042 237.020316 crop001550
111.041405 125.603865 85.319950 273.550725 crop001551
284.190715 119.565217 101.631117 265.096618 crop001551
107.768053 157.024793 63.457330 224.321133 crop001552
211.706783 146.399055 73.851204 235.537190 crop001552
278.993435 154.663518 65.645514 226.682409 crop001552
355.032823 131.641086 68.380744 250.885478 crop001552
199.288256 123.966942 129.893238 270.661157 crop001553
209.090909 144.427002 84.848485 245.682889 crop001554
133.239832 130.784708 43.478261 197.183099 crop001556
127.806563 263.860370 42.314335 154.004107 crop001557
206.989247 265.048544 30.913978 131.067961 crop001558
250.672043 286.407767 32.930108 132.038835 crop001558
309.756098 106.534091 67.317073 279.829545 crop001559
251.707317 127.840909 47.804878 258.522727 crop001559
192.682927 141.335227 63.414634 255.681818 crop001559
149.268293 130.681818 55.121951 248.579545 crop001559
86.341463 117.897727 61.463415 220.170455 crop001559
58.536585 105.113636 32.195122 164.062500 crop001559
276.243094 158.730159 66.850829 208.333333 crop001560
165.745856 202.380952 40.331492 146.825397 crop001560
109.392265 195.105820 37.016575 155.423280 crop001560
167.403315 199.735450 38.674033 151.455026 crop001560
403.314917 224.206349 43.093923 138.227513 crop001560
293.292683 179.378531 69.512195 226.694915 crop001561
358.536585 249.293785 42.073171 155.367232 crop001561
114.093960 129.310345 58.724832 204.741379 crop001562
327.181208 176.724138 53.691275 170.258621 crop001562
112.433862 141.986063 59.523810 223.867596 crop001563
184.523810 136.759582 56.878307 227.351916 crop001563
302.910053 135.017422 56.216931 237.804878 crop001563
390.211640 127.177700 52.910053 243.902439 crop001563
125.000000 123.720137 60.393258 217.576792 crop001564
318.820225 172.354949 68.117978 215.017065 crop001564
203.296703 126.943005 75.091575 224.525043 crop001565
171.480144 148.484848 119.133574 222.727273 crop001567
151.769088 110.609481 150.837989 288.374718 crop001568
94.531250 113.147914 79.296875 280.025284 crop001569
60.156250 99.873578 64.843750 275.600506 crop001569
257.421875 100.505689 70.703125 332.490518 crop001569
331.640625 144.121365 77.734375 343.868521 crop001569
239.449541 139.837398 98.165138 215.447154 crop001570
114.678899 149.593496 62.385321 136.585366 crop001570
138.576779 138.194444 48.064919 146.527778 crop001571
27.465668 130.555556 29.962547 90.277778 crop001571
227.215980 140.277778 57.428215 169.444444 crop001571
279.026217 140.972222 61.797753 252.777778 crop001571
211.610487 136.805556 33.707865 121.527778 crop001571
54.307116 131.944444 19.350811 59.722222 crop001571
49.242424 157.293497 29.545455 106.326889 crop001572
134.933775 16.666667 211.920530 432.812500 crop001577
200.000000 167.910448 84.444444 186.567164 crop001578
169.708029 133.757962 162.408759 345.541401 crop001579
208.006279 125.520833 98.116170 280.208333 crop001580
201.070336 95.833333 146.024465 356.770833 crop001581
169.354839 25.520833 143.695015 376.041667 crop001582
136.054422 112.500000 173.469388 320.833333 crop001583
286.848073 134.375000 205.215420 286.458333 crop001583
179.782082 63.020833 125.302663 372.395833 crop001584
35.108959 38.541667 118.038741 392.187500 crop001584
80.971660 115.625000 156.882591 310.416667 crop001589
136.942675 63.541667 126.114650 411.458333 crop001591
17.834395 99.479167 88.535032 198.958333 crop001591
83.798883 190.854871 46.787709 204.771372 crop001592
293.994413 205.765408 46.089385 189.860835 crop001592
196.927374 195.825050 47.486034 193.836978 crop001592
287.401575 138.187221 67.585302 256.315007 crop001594
206.692913 169.390788 49.868766 205.052006 crop001594
148.950131 164.933135 55.118110 208.023774 crop001594
63.648294 135.215453 34.120735 130.757801 crop001594
10.498688 143.387816 37.401575 115.156018 crop001594
119.373777 165.148064 34.246575 108.200456 crop001595
104.186952 139.411765 59.396300 327.647059 crop001596
152.385589 135.882353 74.975657 334.705882 crop001596
315.481986 144.705882 94.936709 268.235294 crop001596
168.949772 146.124524 93.607306 289.072427 crop001597
226.618705 168.934240 84.892086 210.884354 crop001598
170.471842 135.342790 142.313546 345.744681 crop001599
328.006088 174.940898 35.768645 94.562648 crop001599
217.391304 147.526502 108.695652 220.848057 crop001600
80.299786 124.479167 157.387580 278.125000 crop001601
293.103448 185.416667 123.732252 215.625000 crop001603
306.506849 157.801418 102.739726 155.141844 crop001605
250.696379 159.313725 51.532033 183.823529 crop001606
381.443299 202.531646 84.536082 234.810127 crop001608
211.794020 189.956332 45.681063 147.379913 crop001609
256.644518 205.240175 29.069767 133.187773 crop001609
338.870432 122.270742 21.594684 79.694323 crop001609
424.418605 128.820961 20.764120 79.694323 crop001609
272.802653 219.086022 53.897181 262.096774 crop001610
264.430577 194.414608 69.422777 173.469388 crop001611
198.127925 207.303974 55.382215 148.764769 crop001611
247.679814 181.818182 49.303944 192.061460 crop001612
173.433875 174.135723 65.545244 197.183099 crop001612
330.046404 185.659411 47.563805 145.326504 crop001612
247.099768 184.379001 52.204176 188.860435 crop001612
227.146814 148.205928 71.329640 234.789392 crop001613
280.181087 214.459295 31.690141 137.910085 crop001614
338.531187 222.357230 45.271630 165.856622 crop001614
236.418511 215.066829 31.690141 133.657351 crop001614
189.637827 221.749696 45.774648 159.173755 crop001614
175.050302 276.427704 26.156942 108.748481 crop001614
107.645875 208.383961 30.684105 108.140948 crop001614
385.814889 212.029162 13.078471 47.387606 crop001614
412.474849 212.029162 12.575453 47.995140 crop001614
140.903686 180.481283 59.453032 191.844920 crop001615
362.870890 174.121406 22.052927 166.932907 crop001616
267.040898 172.523962 36.888532 257.987220 crop001616
222.935044 157.348243 37.690457 270.766773 crop001616
163.191660 202.076677 32.878909 268.370607 crop001616
117.882919 123.003195 53.728949 337.060703 crop001616
72.574178 149.361022 42.902967 302.715655 crop001616
202.485966 145.367412 25.260626 196.485623 crop001616
423.416199 174.920128 15.236568 93.450479 crop001616
438.652767 176.517572 13.231756 94.249201 crop001616
402.566159 166.134185 16.439455 97.444089 crop001616
385.725742 174.920128 14.033681 83.865815 crop001616
343.624699 165.335463 14.033681 99.840256 crop001616
236.336780 202.263083 64.254062 214.285714 crop001617
113.735783 135.937500 49.431321 232.812500 crop001618
75.660893 167.187500 45.578851 239.583333 crop001619
163.628077 155.729167 41.932543 136.979167 crop001619
361.896080 168.229167 28.258888 110.937500 crop001619
324.521422 164.583333 23.245214 112.500000 crop001619
283.832335 194.352159 32.934132 182.724252 crop001620
95.808383 208.471761 38.922156 181.893688 crop001620
407.185629 195.182724 29.940120 146.179402 crop001620
376.646707 211.794020 26.347305 126.245847 crop001620
270.658683 223.421927 20.958084 107.973422 crop001620
343.113772 216.777409 19.760479 83.056478 crop001620
55.089820 231.727575 19.760479 90.531561 crop001620
18.562874 246.677741 20.359281 80.564784 crop001620
339.311334 131.630648 47.345768 215.127701 crop001621
151.362984 168.958743 43.758967 225.933202 crop001621
269.754768 184.883721 68.119891 165.116279 crop001622
322.888283 196.511628 66.757493 159.302326 crop001622
282.548476 122.916667 77.562327 320.833333 crop001623
230.378578 121.875000 54.939982 236.458333 crop001623
140.812558 133.854167 88.642659 314.062500 crop001623
170.132325 174.825175 77.504726 254.370629 crop001624
241.020794 174.825175 46.313800 159.090909 crop001624
209.969789 174.418605 61.933535 149.709302 crop001625
247.216036 155.284553 85.746102 188.617886 crop001626
181.514477 135.772358 52.338530 99.186992 crop001626
226.388889 117.187500 92.361111 298.437500 crop001627
107.692308 104.993598 103.418803 318.181818 crop001628
233.678756 139.846743 55.440415 301.404853 crop001629
182.383420 143.678161 60.621762 272.669221 crop001629
331.606218 178.799489 44.559585 226.692209 crop001629
219.672131 126.168224 80.327869 196.261682 crop001630
354.700855 176.039120 128.205128 213.936430 crop001632
275.065963 210.416667 85.092348 233.854167 crop001635
122.691293 147.916667 130.606860 295.833333 crop001635
397.757256 140.625000 36.939314 93.750000 crop001635
439.313984 136.979167 31.662269 96.875000 crop001635
46.833773 192.708333 50.791557 131.770833 crop001635
306.030151 170.481928 45.226131 193.373494 crop001636
164.628410 189.613527 39.510818 146.739130 crop001637
206.491063 170.289855 25.399812 103.260870 crop001637
250.235183 167.874396 52.210724 217.391304 crop001637
235.973597 85.937500 176.567657 333.854167 crop001640
192.065986 135.937500 45.954438 223.958333 crop001642
97.407698 114.062500 56.166536 252.604167 crop001642
369.206599 140.625000 47.918303 223.958333 crop001642
267.901235 153.526971 75.308642 206.431535 crop001643
191.516710 142.745710 120.822622 251.950078 crop001644
148.632580 185.185185 44.589774 177.609428 crop001646
209.274673 175.084175 46.373365 176.767677 crop001646
255.648038 203.703704 41.617122 183.501684 crop001646
351.961950 194.444444 32.104637 159.090909 crop001646
380.499405 204.545455 32.699168 151.515152 crop001646
229.582577 205.035971 48.094374 149.880096 crop001647
190.562613 203.836930 39.927405 155.875300 crop001647
248.663102 173.699015 48.128342 199.015471 crop001648
131.016043 182.137834 31.550802 147.679325 crop001648
257.619048 163.541667 61.904762 232.291667 crop001649
56.666667 164.062500 49.523810 166.145833 crop001649
221.428571 140.625000 15.714286 51.041667 crop001649
180.476190 142.187500 29.523810 91.145833 crop001649
277.027027 165.708812 51.520270 136.973180 crop001650
215.899218 152.339499 61.251086 239.934712 crop001651
120.330148 140.369967 53.431798 193.688792 crop001651
190.703736 157.236126 36.490009 163.764962 crop001651
64.777328 86.979167 173.076923 319.270833 crop001652
236.928105 172.297297 47.930283 173.648649 crop001655
188.997821 182.432432 45.751634 160.810811 crop001655
118.191721 179.054054 31.590414 115.540541 crop001655
43.572985 174.324324 22.875817 90.540541 crop001655
251.584284 155.709343 38.022814 160.899654 crop001656
214.450867 137.832700 40.462428 223.384030 crop001657
89.595376 141.634981 46.820809 212.927757 crop001657
166.917293 214.147287 36.842105 114.341085 crop001662
73.684211 199.612403 39.849624 122.093023 crop001662
140.601504 206.395349 30.827068 120.155039 crop001662
182.539683 140.336134 56.216931 180.672269 crop001663
81.833061 158.179848 55.237316 213.976165 crop001665
114.801865 186.961207 75.174825 185.883621 crop001666
254.662005 192.349138 68.764569 181.034483 crop001666
127.067669 98.958333 181.203008 290.625000 crop001667
274.253731 185.661765 26.119403 114.889706 crop001668
111.318408 140.625000 29.228856 110.294118 crop001668
246.890547 107.536765 24.253731 79.044118 crop001668
175.995025 101.102941 27.985075 79.963235 crop001668
358.208955 81.801471 29.850746 104.779412 crop001668
222.435897 97.633136 21.794872 72.978304 crop001669
370.512821 239.644970 26.282051 87.771203 crop001669
193.892045 154.166667 131.392045 254.166667 crop001671
184.782609 139.498433 120.289855 265.935214 crop001672
226.546906 123.931624 107.784431 217.236467 crop001673
186.635945 111.475410 125.960061 283.060109 crop001674
172.889610 183.252427 90.097403 181.432039 crop001675
199.101796 190.705128 59.880240 163.461538 crop001677
213.864307 164.310954 54.572271 174.911661 crop001678
361.626879 161.979167 72.502210 254.687500 crop001679
247.126437 153.645833 60.565871 204.166667 crop001679
103.448276 141.145833 56.587091 191.666667 crop001679
74.270557 143.750000 34.482759 126.041667 crop001679
209.106985 163.541667 53.492485 170.312500 crop001679
181.927711 182.806324 73.493976 190.711462 crop001680
277.108434 186.758893 71.084337 135.375494 crop001680
191.048035 141.943734 122.270742 247.442455 crop001681
127.952756 112.028302 161.417323 267.688679 crop001685
207.386364 200.389105 79.545455 128.404669 crop001686
115.942029 67.708333 121.739130 322.395833 crop001687
38.606403 80.208333 153.483992 309.375000 crop001689
143.126177 53.125000 157.250471 298.958333 crop001689
247.645951 56.770833 151.600753 281.770833 crop001689
146.629213 162.406015 51.685393 218.796992 crop001690
197.191011 132.330827 56.741573 206.766917 crop001690
303.370787 155.639098 54.494382 209.022556 crop001690
332.022472 16.541353 43.258427 154.887218 crop001690
181.734317 178.195489 91.328413 209.022556 crop001691
279.520295 99.248120 54.428044 166.165414 crop001691
378.228782 33.834586 70.110701 154.135338 crop001691
84.437086 120.069606 175.496689 202.436195 crop001692
311.258278 169.373550 170.529801 207.076566 crop001692
268.640351 141.045959 71.271930 163.232964 crop001693
350.877193 180.665610 76.754386 164.817750 crop001693
285.787848 185.276074 77.239959 284.049080 crop001694
248.197734 138.036810 57.157570 249.079755 crop001694
137.487127 220.858896 98.352214 268.098160 crop001694
85.679315 131.076389 36.107711 167.534722 crop001695
183.613031 115.877081 59.723593 240.076825 crop001696
338.104640 135.723431 38.005923 240.717029 crop001696
405.725568 98.591549 75.024679 344.430218 crop001696
47.994269 103.556485 141.833811 293.410042 crop001697
163.237311 137.096774 57.613169 232.078853 crop001698
152.466368 104.166667 118.834081 288.541667 crop001699
121.725732 161.366313 70.878274 211.425206 crop001700
187.981510 143.698469 104.006163 219.670200 crop001700
284.562212 113.895216 147.465438 255.125285 crop001701
292.274052 169.331395 46.647230 189.680233 crop001702
225.947522 175.872093 61.224490 166.424419 crop001702
260.233918 148.958333 92.105263 242.708333 crop001703
161.549708 153.645833 88.450292 231.770833 crop001703
321.892393 161.911555 66.790353 217.546362 crop001705
153.061224 171.897290 76.994434 204.707561 crop001705
162.976630 137.323944 65.805658 249.295775 crop001707
246.002460 153.521127 48.585486 189.436620 crop001707
121.771218 149.295775 41.820418 182.394366 crop001707
173.780488 104.687500 153.455285 270.312500 crop001708
106.707317 98.958333 76.219512 127.083333 crop001708
276.729560 143.041237 46.121593 131.443299 crop001709
73.375262 123.711340 54.507338 121.134021 crop001709
127.551020 188.109162 49.319728 208.576998 crop001710
179.421769 188.109162 41.666667 154.970760 crop001710
301.020408 185.185185 28.061224 95.516569 crop001710
152.691511 165.730337 52.795031 234.269663 crop001711
107.142857 176.966292 47.619048 165.730337 crop001711
78.674948 156.179775 41.407867 141.011236 crop001711
13.457557 154.494382 37.784679 128.089888 crop001711
59.006211 165.168539 30.020704 116.292135 crop001711
220.496894 166.853933 38.302277 150.000000 crop001711
271.739130 163.483146 66.770186 203.932584 crop001711
302.460203 185.472496 70.188133 237.658674 crop001712
159.189580 253.173484 83.212735 232.722144 crop001712
68.432671 119.791667 211.920530 295.833333 crop001713
166.315789 144.791667 92.631579 210.937500 crop001714
158.093797 134.228188 49.167927 212.527964 crop001717
190.255220 242.084433 75.406032 133.245383 crop001720
294.663573 249.340369 85.846868 131.266491 crop001720
236.658933 255.936675 49.883991 77.176781 crop001720
164.310954 143.598616 70.671378 166.089965 crop001721
170.940171 121.598639 67.521368 238.945578 crop001806
262.393162 140.306122 48.717949 201.530612 crop001806
106.837607 154.761905 62.393162 187.925170 crop001806
411.111111 155.612245 34.188034 115.646259 crop001806
325.757576 150.870406 55.555556 159.574468 crop001807
276.515152 147.001934 69.444444 160.541586 crop001807
209.382151 145.275035 107.551487 231.311707 crop001808
314.889336 142.754663 67.404427 203.012912 crop001809
259.557344 158.536585 73.440644 184.361549 crop001809
141.851107 166.427547 76.458753 185.078910 crop001809
224.385246 180.362117 84.016393 228.412256 crop001810
211.009174 105.816832 172.782875 235.148515 crop001811
263.736264 176.674365 68.681319 245.958430 crop001812
159.340659 217.090069 41.208791 180.138568 crop001812
263.052209 154.696133 80.321285 158.839779 crop001813
160.583942 142.172524 78.467153 178.913738 crop001814
280.523256 181.428571 58.139535 161.428571 crop001815
222.383721 210.000000 55.232558 145.714286 crop001815
284.482759 156.351792 102.216749 240.228013 crop001816
191.489362 152.325581 82.066869 188.372093 crop001817
110.909091 160.676533 105.454545 183.932347 crop001818
210.937500 151.917404 68.750000 148.967552 crop001819
204.326923 130.471380 91.346154 250.841751 crop001820
215.596330 142.857143 91.743119 187.074830 crop001823
345.588235 223.723724 31.512605 123.123123 crop001824
276.556777 206.410256 35.714286 151.282051 crop001829
246.770026 195.402299 60.723514 173.563218 crop001830
146.039604 146.191646 71.782178 170.761671 crop001831
101.851852 139.072848 57.098765 180.463576 crop001832
186.708861 147.457627 60.126582 171.186441 crop001833
139.534884 97.626753 118.217054 323.085221 crop001835
231.266150 73.354908 102.713178 359.223301 crop001835
255.801105 103.289474 61.878453 322.368421 crop001836
308.839779 98.684211 57.458564 341.447368 crop001836
143.093923 82.894737 59.116022 340.789474 crop001836
201.657459 81.578947 71.823204 347.368421 crop001836
102.503912 112.734864 126.760563 293.319415 crop001837
419.405321 138.830898 45.383412 282.881002 crop001838
179.186228 135.699374 34.428795 255.741127 crop001838
56.338028 150.313152 36.776213 233.820459 crop001838
301.251956 139.874739 79.812207 318.371608 crop001839
33.646322 143.006263 49.295775 241.127349 crop001839
302.744425 170.520231 44.596913 317.919075 crop001840
235.849057 156.069364 40.308748 338.150289 crop001840
333.333333 154.488518 57.902973 246.346555 crop001841
193.270736 184.759916 42.253521 144.050104 crop001842
231.611894 202.505219 38.341158 140.918580 crop001842
346.635368 184.759916 46.948357 246.346555 crop001843
12.500000 154.166667 40.625000 139.583333 person_044
228.125000 119.791667 69.531250 303.125000 person_044
259.375000 98.958333 92.968750 336.458333 person_050
67.968750 113.541667 25.000000 93.750000 person_050
225.781250 225.000000 39.062500 134.375000 person_060
164.062500 175.000000 50.781250 205.208333 person_061
238.541667 115.625000 106.250000 265.625000 person_086
119.791667 144.531250 39.583333 78.906250 person_091
371.875000 139.843750 54.166667 134.375000 person_091
194.791667 141.406250 104.166667 236.718750 person_091
23.958333 147.656250 32.291667 73.437500 person_091
278.125000 67.187500 123.958333 375.000000 person_097
81.250000 108.593750 172.916667 336.718750 person_097
390.625000 171.093750 73.958333 157.812500 person_101
209.375000 143.750000 92.708333 232.031250 person_101
168.750000 46.093750 168.750000 303.906250 person_102
37.500000 78.906250 69.791667 137.500000 person_102
229.166667 173.437500 58.333333 121.093750 person_103
229.166667 210.937500 63.541667 104.687500 person_106
160.416667 99.218750 182.291667 362.500000 person_111
31.250000 111.718750 98.958333 235.937500 person_111
279.166667 76.562500 155.208333 419.531250 person_112
206.250000 103.906250 105.208333 342.187500 person_112
11.458333 75.000000 159.375000 396.093750 person_112
32.291667 25.000000 221.875000 468.750000 person_114
250.000000 63.281250 157.291667 433.593750 person_114
177.083333 119.531250 169.791667 325.781250 person_117
169.791667 128.906250 134.375000 264.843750 person_119
196.875000 108.593750 109.375000 260.937500 person_121
155.208333 87.500000 32.291667 82.812500 person_121
263.541667 55.468750 70.833333 152.343750 person_124
100.000000 77.343750 127.083333 414.843750 person_125
286.458333 61.718750 153.125000 435.937500 person_125
195.833333 79.687500 166.666667 328.125000 person_126
65.625000 134.375000 54.166667 103.125000 person_126
132.291667 121.093750 48.958333 113.281250 person_126
143.750000 108.333333 60.937500 226.041667 person_128
58.593750 102.083333 30.468750 106.250000 person_128
280.468750 151.041667 54.687500 187.500000 person_128
250.781250 165.625000 50.000000 209.375000 person_129
203.125000 171.875000 39.843750 206.250000 person_129
132.031250 218.750000 49.218750 154.166667 person_129
232.031250 87.500000 75.781250 341.666667 person_130
167.968750 183.333333 52.343750 216.666667 person_131
228.906250 179.166667 52.343750 198.958333 person_131
299.218750 173.958333 35.156250 181.250000 person_131
261.718750 158.333333 50.781250 227.083333 person_133
72.656250 240.625000 41.406250 151.041667 person_133
185.156250 185.416667 57.031250 201.041667 person_133
390.625000 134.375000 43.750000 227.083333 person_139
321.875000 118.750000 64.843750 242.708333 person_139
191.406250 121.875000 81.250000 328.125000 person_139
121.875000 151.041667 80.468750 306.250000 person_139
43.750000 129.166667 66.406250 263.541667 person_139
193.750000 130.208333 88.281250 247.916667 person_141
97.656250 212.500000 65.625000 202.083333 person_142
207.812500 14.583333 93.750000 419.791667 person_142
239.062500 66.666667 64.062500 328.125000 person_143
180.468750 83.333333 60.937500 298.958333 person_143
76.562500 81.250000 90.625000 312.500000 person_143
262.500000 209.375000 69.531250 206.250000 person_156
191.406250 194.791667 66.406250 246.875000 person_156
170.312500 142.708333 92.968750 287.500000 person_160
44.531250 128.125000 100.781250 323.958333 person_160
269.531250 130.208333 85.156250 301.041667 person_160
241.406250 159.375000 84.375000 282.291667 person_162
158.593750 161.458333 74.218750 278.125000 person_162
215.625000 211.458333 56.250000 165.625000 person_165
269.531250 165.625000 53.125000 221.875000 person_166
190.625000 162.500000 66.406250 235.416667 person_166
237.500000 165.625000 61.718750 213.541667 person_167
202.343750 185.416667 48.437500 188.541667 person_167
192.187500 215.625000 35.156250 120.833333 person_168
245.312500 203.125000 35.937500 134.375000 person_168
217.187500 136.458333 89.843750 279.166667 person_169
139.843750 131.250000 75.000000 293.750000 person_169
336.718750 155.208333 50.781250 237.500000 person_170
160.937500 161.458333 71.875000 245.833333 person_170
231.250000 173.958333 64.062500 260.416667 person_171
163.281250 191.666667 61.718750 221.875000 person_171
292.968750 190.625000 61.718750 198.958333 person_172
228.125000 187.500000 55.468750 204.166667 person_172
188.281250 191.666667 38.281250 146.875000 person_172
300.000000 136.458333 67.968750 306.250000 person_173
235.937500 141.666667 68.750000 284.375000 person_173
248.437500 107.291667 82.812500 279.166667 person_174
132.031250 191.666667 56.250000 195.833333 person_174
333.593750 234.375000 56.250000 147.916667 person_174
144.531250 157.291667 45.312500 179.166667 person_175
428.125000 137.500000 52.343750 201.041667 person_175
364.843750 157.291667 36.718750 156.250000 person_175
83.593750 147.916667 45.312500 191.666667 person_175
278.125000 142.708333 35.937500 171.875000 person_175
278.125000 107.291667 94.531250 334.375000 person_176
189.843750 116.666667 80.468750 321.875000 person_176
125.000000 152.083333 37.500000 123.958333 person_176
53.906250 144.791667 35.156250 127.083333 person_176
14.843750 145.833333 32.031250 123.958333 person_176
187.500000 131.250000 54.687500 284.375000 person_177
258.593750 144.791667 60.156250 259.375000 person_177
414.062500 158.333333 29.687500 136.458333 person_177
282.812500 165.625000 82.812500 248.958333 person_178
358.593750 161.458333 53.906250 271.875000 person_178
128.906250 139.583333 71.093750 291.666667 person_178
217.187500 142.708333 100.000000 306.250000 person_179
289.843750 179.166667 71.875000 211.458333 person_181
219.531250 185.416667 40.625000 214.583333 person_181
303.906250 179.166667 53.906250 215.625000 person_185
243.750000 191.666667 46.093750 217.708333 person_185
178.125000 209.375000 39.062500 172.916667 person_185
228.125000 228.125000 37.500000 204.166667 person_187
268.750000 241.666667 47.656250 202.083333 person_187
317.187500 277.083333 40.625000 172.916667 person_187
377.343750 217.708333 62.500000 200.000000 person_187
250.781250 171.875000 60.937500 218.750000 person_195
206.250000 195.833333 42.968750 195.833333 person_195
50.781250 179.166667 39.062500 195.833333 person_195
18.750000 186.458333 42.187500 171.875000 person_195
257.812500 77.083333 92.187500 336.458333 person_196
153.125000 101.041667 70.312500 302.083333 person_196
102.343750 192.708333 65.625000 225.000000 person_199
166.406250 180.208333 50.000000 223.958333 person_199
225.000000 178.125000 55.468750 234.375000 person_199
271.875000 189.583333 42.187500 211.458333 person_199
408.593750 181.250000 42.187500 122.916667 person_199
302.343750 196.875000 38.281250 165.625000 person_199
241.406250 227.083333 31.250000 129.166667 person_201
157.031250 114.583333 58.593750 277.083333 person_202
336.718750 156.250000 60.156250 230.208333 person_202
276.562500 110.416667 39.843750 169.791667 person_202
421.093750 112.500000 42.968750 153.125000 person_202
214.843750 119.791667 29.687500 130.208333 person_202
147.656250 206.250000 26.562500 117.708333 person_203
365.625000 211.458333 32.031250 113.541667 person_203
273.437500 214.583333 28.906250 108.333333 person_203
182.031250 208.333333 21.875000 111.458333 person_203
232.812500 110.416667 93.750000 354.166667 person_208
328.906250 94.791667 35.156250 150.000000 person_208
175.000000 154.166667 67.968750 246.875000 person_209
250.781250 152.083333 71.875000 343.750000 person_209
310.156250 166.666667 56.250000 263.541667 person_211
308.593750 138.541667 75.781250 314.583333 person_214
142.968750 134.375000 70.312500 314.583333 person_214
281.250000 134.375000 85.156250 318.750000 person_219
231.250000 194.791667 60.156250 247.916667 person_219
82.812500 160.416667 40.625000 163.541667 person_219
182.031250 121.875000 35.937500 158.333333 person_220
239.843750 121.875000 46.093750 151.041667 person_220
251.562500 146.875000 66.406250 225.000000 person_221
155.468750 62.500000 114.843750 393.750000 person_223
273.437500 62.500000 106.250000 360.416667 person_223
185.156250 115.625000 64.062500 340.625000 person_224
248.437500 144.791667 50.000000 265.625000 person_224
286.718750 130.208333 82.031250 296.875000 person_224
367.968750 176.041667 62.500000 230.208333 person_224
164.843750 63.541667 90.625000 386.458333 person_225
314.843750 61.458333 92.968750 397.916667 person_225
46.093750 17.708333 94.531250 352.083333 person_225
178.906250 107.291667 62.500000 312.500000 person_228
226.562500 108.333333 83.593750 345.833333 person_228
103.906250 102.083333 35.156250 112.500000 person_228
275.781250 90.625000 93.750000 406.250000 person_229
173.437500 94.791667 87.500000 402.083333 person_229
253.125000 104.166667 30.468750 146.875000 person_229
277.343750 101.041667 82.812500 369.791667 person_231
203.906250 63.541667 89.062500 427.083333 person_231
90.625000 109.375000 69.531250 341.666667 person_231
151.562500 13.541667 128.125000 457.291667 person_232
283.593750 70.833333 88.281250 405.208333 person_232
32.812500 81.250000 47.656250 162.500000 person_232
133.593750 171.875000 77.343750 257.291667 person_233
333.593750 171.875000 57.031250 246.875000 person_233
184.375000 177.083333 50.781250 198.958333 person_234
259.375000 167.708333 60.156250 205.208333 person_234
89.843750 172.916667 47.656250 169.791667 person_234
148.437500 120.833333 106.250000 344.791667 person_235
278.125000 75.000000 104.687500 367.708333 person_235
243.750000 128.125000 71.093750 295.833333 person_237
175.000000 145.833333 76.562500 278.125000 person_237
392.968750 134.375000 25.000000 97.916667 person_237
353.906250 143.750000 26.562500 91.666667 person_237
262.500000 96.875000 98.437500 343.750000 person_238
148.437500 128.125000 72.656250 304.166667 person_238
215.625000 87.500000 87.500000 359.375000 person_239
160.156250 84.375000 68.750000 375.000000 person_239
159.375000 106.250000 103.906250 373.958333 person_240
249.218750 81.250000 97.656250 383.333333 person_240
168.750000 90.625000 90.625000 350.000000 person_241
280.468750 98.958333 78.125000 338.541667 person_241
182.031250 96.875000 96.875000 364.583333 person_242
285.156250 52.083333 92.968750 403.125000 person_242
92.187500 144.791667 64.062500 295.833333 person_243
138.281250 139.583333 73.437500 298.958333 person_243
171.875000 114.583333 63.281250 309.375000 person_244
232.031250 66.666667 100.000000 395.833333 person_244
83.593750 57.291667 116.406250 394.791667 person_245
184.375000 184.375000 75.000000 258.333333 person_245
305.468750 142.708333 70.312500 305.208333 person_252
167.187500 178.125000 61.718750 264.583333 person_252
259.375000 150.000000 97.656250 305.208333 person_253
108.593750 126.041667 53.125000 246.875000 person_253
198.437500 139.583333 53.125000 217.708333 person_253
160.937500 185.416667 47.656250 193.750000 person_253
64.843750 144.791667 27.343750 101.041667 person_253
214.062500 134.375000 60.156250 247.916667 person_254
162.500000 114.583333 64.062500 287.500000 person_254
304.687500 192.708333 48.437500 201.041667 person_254
250.781250 104.166667 95.312500 345.833333 person_256
275.781250 193.750000 42.187500 179.166667 person_257
213.281250 195.833333 44.531250 179.166667 person_257
288.281250 179.166667 42.968750 158.333333 person_258
264.062500 179.166667 42.187500 170.833333 person_259
208.593750 177.083333 48.437500 172.916667 person_259
142.968750 186.458333 30.468750 156.250000 person_259
178.125000 190.625000 39.062500 151.041667 person_259
262.500000 187.500000 40.625000 136.458333 person_260
224.218750 200.000000 37.500000 128.125000 person_260
77.343750 68.750000 109.375000 412.500000 person_266
428.906250 100.000000 42.187500 219.791667 person_266
116.406250 67.708333 96.093750 412.500000 person_269
204.687500 62.500000 85.937500 380.208333 person_269
284.375000 78.125000 77.343750 381.250000 person_269
346.093750 82.291667 115.625000 414.583333 person_269
269.531250 94.791667 91.406250 400.000000 person_270
167.187500 69.791667 89.062500 425.000000 person_270
377.343750 179.166667 42.187500 156.250000 person_273
412.500000 183.333333 42.187500 144.791667 person_273
235.937500 203.125000 50.781250 286.458333 person_273
228.125000 151.041667 53.125000 242.708333 person_274
339.843750 127.083333 116.406250 369.791667 person_274
210.156250 191.666667 60.156250 223.958333 person_275
365.625000 211.458333 42.968750 168.750000 person_279
207.812500 235.416667 44.531250 182.291667 person_279
150.000000 186.458333 41.406250 153.125000 person_279
96.875000 193.750000 37.500000 125.000000 person_279
227.343750 143.750000 71.093750 268.750000 person_281
153.906250 146.875000 42.187500 188.541667 person_281
209.375000 128.125000 143.750000 357.291667 person_283
185.156250 150.000000 101.562500 234.375000 person_284
437.500000 122.916667 34.375000 108.333333 person_284
209.375000 178.125000 62.500000 207.291667 person_285
287.500000 135.416667 42.187500 143.750000 person_286
152.343750 117.708333 92.187500 307.291667 person_286
200.781250 156.250000 75.781250 262.500000 person_287
350.000000 145.833333 40.625000 186.458333 person_287
153.125000 160.416667 56.250000 280.208333 person_288
205.468750 150.000000 70.312500 280.208333 person_288
260.937500 181.250000 49.218750 255.208333 person_289
210.156250 171.875000 57.812500 286.458333 person_289
176.562500 150.000000 93.750000 344.791667 person_291
260.156250 152.083333 76.562500 344.791667 person_291
213.281250 170.833333 81.250000 272.916667 person_292
194.531250 171.875000 34.375000 171.875000 person_292
212.500000 178.125000 73.437500 248.958333 person_294
196.093750 144.791667 68.750000 269.791667 person_295
177.343750 128.125000 71.093750 340.625000 person_296
247.656250 160.416667 57.031250 276.041667 person_297
210.937500 166.666667 53.906250 242.708333 person_297
158.593750 156.250000 54.687500 263.541667 person_297
2.343750 187.500000 40.625000 135.416667 person_297
194.531250 161.458333 65.625000 282.291667 person_298
266.406250 233.333333 53.906250 182.291667 person_298
150.000000 128.125000 71.875000 355.208333 person_299
244.531250 223.958333 60.937500 225.000000 person_299
196.875000 110.416667 98.437500 308.333333 person_300
264.062500 72.916667 28.906250 121.875000 person_300
214.062500 162.500000 52.343750 264.583333 person_301
260.937500 167.708333 84.375000 293.750000 person_302
163.281250 164.583333 78.906250 319.791667 person_302
234.375000 88.541667 88.281250 389.583333 person_304
43.750000 76.041667 83.593750 254.166667 person_304
102.343750 70.833333 52.343750 231.250000 person_304
217.187500 186.458333 48.437500 179.166667 person_305
132.031250 195.833333 69.531250 257.291667 person_305
218.750000 195.833333 56.250000 208.333333 person_319
131.250000 167.708333 35.937500 183.333333 person_319
440.625000 178.125000 25.781250 111.458333 person_319
464.062500 175.000000 31.250000 106.250000 person_319
253.125000 151.041667 103.125000 343.750000 person_320
205.468750 128.125000 75.781250 318.750000 person_320
372.656250 132.291667 29.687500 104.166667 person_320
299.218750 176.041667 30.468750 112.500000 person_321
339.843750 171.875000 32.812500 122.916667 person_321
293.750000 168.750000 46.875000 148.958333 person_324
332.031250 168.750000 46.875000 157.291667 person_324
170.312500 113.541667 49.218750 230.208333 person_327
73.437500 236.458333 32.812500 128.125000 person_328
335.937500 121.875000 57.031250 215.625000 person_329
229.687500 148.958333 46.093750 190.625000 person_331
305.468750 147.916667 44.531250 144.791667 person_331
120.312500 67.708333 103.125000 422.916667 person_331
169.531250 175.000000 51.562500 172.916667 person_333
232.031250 180.208333 43.750000 116.666667 person_333
138.281250 197.916667 46.875000 148.958333 person_333
286.718750 177.083333 35.937500 114.583333 person_333
219.531250 85.416667 91.406250 407.291667 person_334
125.000000 91.666667 107.031250 397.916667 person_334
303.906250 131.250000 47.656250 288.541667 person_334
40.625000 159.375000 81.250000 280.208333 person_339
138.281250 156.250000 43.750000 161.458333 person_339
160.156250 146.875000 45.312500 154.166667 person_339
215.625000 121.875000 108.593750 312.500000 person_340
131.250000 125.000000 87.500000 310.416667 person_340
185.156250 64.583333 99.218750 392.708333 person_341
130.468750 105.208333 75.000000 283.333333 person_341
171.093750 194.791667 69.531250 234.375000 person_342
158.593750 196.875000 55.468750 180.208333 person_343
57.031250 80.208333 70.312500 301.041667 person_344
163.281250 166.666667 71.875000 259.375000 person_346
179.687500 159.375000 44.531250 165.625000 person_348
52.343750 158.333333 39.062500 168.750000 person_348
250.781250 171.875000 42.187500 166.666667 person_348
103.906250 176.041667 31.250000 118.750000 person_348
355.468750 95.833333 101.562500 398.958333 person_349
264.843750 107.291667 72.656250 375.000000 person_349
29.687500 135.416667 65.625000 264.583333 person_349
167.708333 93.750000 133.333333 366.406250 person_356
361.458333 143.750000 56.250000 149.218750 person_357
414.583333 157.031250 72.916667 146.093750 person_357
255.208333 171.875000 67.708333 107.031250 person_358
157.031250 193.750000 46.875000 152.083333 person_376
216.406250 202.083333 38.281250 139.583333 person_376
292.187500 188.541667 35.937500 123.958333 person_376
254.687500 201.041667 49.218750 172.916667 person_377
350.000000 202.083333 27.343750 114.583333 person_377
18.750000 221.875000 35.156250 121.875000 person_377
49.218750 215.625000 28.906250 125.000000 person_377
318.750000 209.375000 28.125000 111.458333 person_377
60.156250 239.583333 31.250000 132.291667 person_378
89.062500 229.166667 32.031250 142.708333 person_378
222.656250 238.541667 33.593750 116.666667 person_378
273.437500 244.791667 31.250000 104.166667 person_378
353.125000 236.458333 30.468750 100.000000 person_378
142.187500 239.583333 35.156250 102.083333 person_378
6.250000 227.083333 31.250000 140.625000 person_378
384.375000 236.458333 30.468750 95.833333 person_378
175.000000 158.333333 63.281250 284.375000 person_387
225.781250 177.083333 43.750000 243.750000 person_387
117.187500 171.875000 37.500000 159.375000 person_395
160.937500 180.208333 43.750000 156.250000 person_395
253.125000 210.416667 27.343750 88.541667 person_395
214.062500 126.041667 49.218750 193.750000 person_414
82.031250 123.958333 48.437500 191.666667 person_414
375.781250 112.500000 32.031250 121.875000 person_414
51.562500 78.125000 35.156250 170.833333 person_425
138.281250 82.291667 32.812500 125.000000 person_425
97.656250 93.750000 31.250000 110.416667 person_425
176.041667 72.656250 127.083333 256.250000 person_and_bike_002
26.041667 92.187500 43.750000 97.656250 person_and_bike_002
191.666667 124.218750 121.875000 246.093750 person_and_bike_003
182.291667 150.000000 58.333333 128.125000 person_and_bike_005
193.750000 45.833333 86.718750 378.125000 person_and_bike_007
178.125000 168.750000 46.875000 218.750000 person_and_bike_008
226.562500 162.500000 64.843750 240.625000 person_and_bike_008
242.968750 183.333333 64.843750 197.916667 person_and_bike_009
206.250000 111.458333 89.843750 255.208333 person_and_bike_010
435.937500 97.916667 32.031250 106.250000 person_and_bike_010
263.281250 192.708333 36.718750 116.666667 person_and_bike_011
310.937500 194.791667 25.781250 97.916667 person_and_bike_011
221.875000 198.958333 30.468750 109.375000 person_and_bike_011
28.906250 150.000000 46.093750 238.541667 person_and_bike_013
221.875000 136.458333 43.750000 188.541667 person_and_bike_013
411.718750 158.333333 71.875000 332.291667 person_and_bike_013
270.312500 120.833333 57.812500 257.291667 person_and_bike_015
72.656250 170.833333 39.062500 152.083333 person_and_bike_016
17.968750 171.875000 28.125000 129.166667 person_and_bike_016
232.812500 151.041667 48.437500 196.875000 person_and_bike_016
46.875000 166.666667 33.593750 131.250000 person_and_bike_016
219.531250 192.708333 31.250000 120.833333 person_and_bike_017
192.968750 39.583333 120.312500 391.666667 person_and_bike_019
289.062500 206.250000 59.375000 211.458333 person_and_bike_020
235.937500 181.250000 35.156250 154.166667 person_and_bike_020
271.093750 188.541667 27.343750 138.541667 person_and_bike_020
217.187500 172.916667 69.531250 214.583333 person_and_bike_021
230.468750 193.750000 66.406250 209.375000 person_and_bike_022
231.250000 143.750000 80.468750 268.750000 person_and_bike_023
446.093750 179.166667 39.843750 139.583333 person_and_bike_026
270.312500 176.041667 58.593750 264.583333 person_and_bike_026
257.031250 136.458333 83.593750 273.958333 person_and_bike_030
194.531250 162.500000 47.656250 145.833333 person_and_bike_030
237.500000 171.875000 67.187500 170.833333 person_and_bike_031
376.562500 114.583333 58.593750 161.458333 person_and_bike_033
231.250000 180.208333 49.218750 160.416667 person_and_bike_034
277.343750 186.458333 29.687500 122.916667 person_and_bike_036
187.500000 103.125000 64.843750 303.125000 person_and_bike_039
137.500000 104.166667 57.031250 287.500000 person_and_bike_039
322.656250 146.875000 30.468750 133.333333 person_and_bike_040
421.875000 155.208333 28.125000 139.583333 person_and_bike_040
376.562500 171.875000 25.000000 120.833333 person_and_bike_040
245.312500 129.166667 33.593750 177.083333 person_and_bike_074
158.593750 76.041667 87.500000 361.458333 person_and_bike_075
208.593750 60.416667 103.906250 297.916667 person_and_bike_078
156.250000 81.250000 178.125000 364.843750 person_and_bike_117
100.000000 96.093750 38.541667 70.312500 person_and_bike_117
126.041667 49.218750 184.375000 443.750000 person_and_bike_118
185.937500 103.125000 89.843750 361.458333 person_and_bike_119
99.218750 143.750000 55.468750 263.541667 person_and_bike_120
304.687500 138.541667 49.218750 300.000000 person_and_bike_120
64.843750 160.416667 29.687500 134.375000 person_and_bike_120
227.343750 108.333333 58.593750 250.000000 person_and_bike_121
302.343750 126.041667 52.343750 253.125000 person_and_bike_121
254.687500 173.958333 56.250000 183.333333 person_and_bike_123
218.750000 171.875000 50.000000 168.750000 person_and_bike_124
13.281250 183.333333 30.468750 117.708333 person_and_bike_124
153.125000 133.333333 55.468750 216.666667 person_and_bike_125
257.812500 152.083333 40.625000 147.916667 person_and_bike_125
357.812500 137.500000 71.093750 287.500000 person_and_bike_125
61.718750 151.041667 29.687500 114.583333 person_and_bike_125
251.562500 69.791667 85.937500 366.666667 person_and_bike_127
197.656250 232.291667 64.062500 214.583333 person_and_bike_127
198.437500 225.000000 57.812500 185.416667 person_and_bike_128
272.656250 128.125000 70.312500 269.791667 person_and_bike_128
157.812500 198.958333 39.062500 162.500000 person_and_bike_129
374.218750 192.708333 42.968750 155.208333 person_and_bike_129
319.531250 200.000000 25.781250 120.833333 person_and_bike_129
224.218750 196.875000 31.250000 119.791667 person_and_bike_129
102.343750 204.166667 33.593750 131.250000 person_and_bike_129
272.656250 198.958333 21.875000 72.916667 person_and_bike_129
218.750000 190.625000 42.187500 145.833333 person_and_bike_130
271.093750 191.666667 45.312500 154.166667 person_and_bike_130
303.125000 173.958333 77.343750 245.833333 person_and_bike_132
219.531250 202.083333 36.718750 203.125000 person_and_bike_132
246.093750 206.250000 38.281250 189.583333 person_and_bike_132
145.312500 184.375000 27.343750 120.833333 person_and_bike_132
192.968750 126.041667 70.312500 312.500000 person_and_bike_134
262.500000 112.500000 62.500000 317.708333 person_and_bike_134
87.500000 130.208333 66.406250 265.625000 person_and_bike_134
397.656250 130.208333 34.375000 123.958333 person_and_bike_134
337.500000 148.958333 25.781250 104.166667 person_and_bike_134
219.531250 121.875000 56.250000 259.375000 person_and_bike_135
165.625000 127.083333 53.125000 263.541667 person_and_bike_135
312.500000 172.916667 40.625000 217.708333 person_and_bike_135
377.343750 125.000000 29.687500 111.458333 person_and_bike_135
265.625000 130.208333 63.281250 301.041667 person_and_bike_137
189.843750 161.458333 78.906250 269.791667 person_and_bike_137
443.750000 154.166667 35.156250 146.875000 person_and_bike_137
64.843750 163.541667 28.906250 150.000000 person_and_bike_137
133.593750 150.000000 33.593750 132.291667 person_and_bike_137
89.843750 162.500000 29.687500 119.791667 person_and_bike_137
251.562500 178.125000 51.562500 178.125000 person_and_bike_138
350.000000 166.666667 23.437500 78.125000 person_and_bike_138
200.781250 141.666667 83.593750 285.416667 person_and_bike_139
174.218750 216.666667 25.000000 107.291667 person_and_bike_139
210.156250 82.291667 80.468750 398.958333 person_and_bike_142
292.187500 83.333333 71.093750 387.500000 person_and_bike_142
65.625000 132.291667 34.375000 187.500000 person_and_bike_142
421.093750 180.208333 49.218750 187.500000 person_and_bike_143
213.281250 181.250000 36.718750 132.291667 person_and_bike_143
187.500000 115.625000 68.750000 331.250000 person_and_bike_146
250.781250 256.250000 54.687500 186.458333 person_and_bike_146
221.875000 152.083333 70.312500 288.541667 person_and_bike_147
134.375000 163.541667 54.687500 264.583333 person_and_bike_147
65.625000 150.000000 35.156250 119.791667 person_and_bike_147
118.750000 139.583333 107.812500 348.958333 person_and_bike_148
285.937500 128.125000 67.187500 289.583333 person_and_bike_148
385.937500 122.916667 48.437500 212.500000 person_and_bike_148
433.593750 119.791667 40.625000 153.125000 person_and_bike_148
239.843750 127.083333 28.906250 105.208333 person_and_bike_148
185.156250 173.958333 54.687500 203.125000 person_and_bike_150
288.281250 197.916667 46.875000 161.458333 person_and_bike_150
246.093750 178.125000 52.343750 204.166667 person_and_bike_150
252.343750 121.875000 58.593750 236.458333 person_and_bike_151
132.031250 123.958333 62.500000 183.333333 person_and_bike_151
175.000000 137.500000 43.750000 186.458333 person_and_bike_152
128.125000 111.458333 42.187500 156.250000 person_and_bike_152
162.500000 38.541667 201.562500 454.166667 person_and_bike_155
287.500000 123.958333 57.812500 214.583333 person_and_bike_156
250.000000 79.166667 102.343750 333.333333 person_and_bike_157
259.375000 108.333333 91.406250 292.708333 person_and_bike_166
219.531250 152.083333 68.750000 296.875000 person_and_bike_191
235.937500 118.750000 70.312500 208.333333 person_and_bike_207
192.968750 108.333333 128.125000 295.833333 person_and_bike_208
262.500000 116.666667 64.062500 212.500000 person_and_bike_209
