1801.240886
1792.642126
1745.056601
1733.081437
1744.718561
1821.695072
1678.308002
1743.316082
1719.222927
1827.489775
1770.387105
1661.346133
1770.671413
1682.109680
1710.705039
1797.088943
1730.579618
1844.179947
1759.066748
1758.382798
1662.280776
1738.468119
1728.365848
1641.236547
1880.197020
1703.268202
1757.854887
1646.374226
1659.507288
1682.099701
1778.438623
1741.649120
1796.970824
1628.070102
1789.076195
1715.229561
1775.849765
1796.734429
1802.320285
1618.008249
1816.359896
1775.247323
1749.453841
1733.899411
1642.649739
1825.611920
1691.354439
1985.406110
1783.380014
1896.061670
1664.413991
1778.858837
1800.506478
1707.964876
1749.487194
1688.168265
1706.888186
1712.262009
1687.216395
1662.639383
1735.681232
1684.811771
1696.831318
1774.320650
1811.113979
1683.995754
1812.922402
1697.352071
1810.583653
1679.945527
1785.082109
1729.876765
1609.738285
1705.483253
1838.340050
1731.206759
1844.649476
1712.039484
1813.838765
1594.988034
1766.853083
1811.487835
1789.882807
1731.850481
1835.328462
1799.680856
1660.831153
1864.751865
1702.977050
1856.996786
1685.255722
1854.175927
1649.849820
1606.787092
1731.039178
1800.956526
1775.535528
1774.301269
1803.314086
1797.785352
1798.973665
1751.793335
1888.039743
1794.277791
1742.967844
1842.134743
1842.936385
1667.264723
1678.912853
1715.468048
1770.680496
1798.860435
1723.775955
1712.038449
1729.055017
1683.541215
1667.398362
1688.833580
1720.366008
1782.379384
1900.741101
1627.601435
1872.835826
1848.306315
1729.701081
1654.215203
1664.602031
1906.102052
1729.057092
1747.268288
1832.966795
1690.733525
1759.055135
1806.828745
1733.065761
1757.014126
1752.931636
1810.510254
1593.908442
1663.413876
1743.031630
1767.868200
1624.325208
1876.978703
1785.886019
1732.468752
1702.708937
1771.266898
1826.234663
1653.014075
1826.054592
1684.806528
1653.090975
1708.776328
1672.267236
1808.736355
1711.367109
1772.027428
1721.592680
1749.519910
1578.934249
1742.941600
1886.751168
1764.585541
1651.404395
1730.072650
1602.167026
1738.357565
1646.071308
1771.028394
1780.445441
1756.546223
1672.772270
1733.617336
1710.093894
1699.959657
1714.145272
1845.216087
1735.053781
1756.999448
1791.625869
1779.684965
1839.096847
1617.199957
1779.475919
1777.039196
1727.396832
1838.814497
1657.799961
1987.340662
1812.482594
1708.583747
1883.011280
1624.402147
1862.605844
1752.012923
1739.572009
1774.943453
1642.776103
1684.544787
1738.067493
1874.604050
1758.290386
1848.502966
1689.582904
1733.955280
1873.997694
1731.710307
1760.723213
1689.889275
1840.491065
1781.782590
1757.791046
1699.753966
1799.157727
1757.846564
1731.213624
1687.062944
1688.891656
1773.212769
1670.145123
1754.166257
1794.908037
1828.998124
1614.392632
1682.536021
1692.400829
1702.196995
1743.077185
1872.801321
1739.832115
1795.008874
1662.046478
1651.731361
1789.234306
1686.600901
1784.068442
1757.730988
1629.967386
1770.646884
1952.711385
1755.793403
1684.506678
1667.530400
1758.883254
1664.739393
1681.483947
1855.012501
1804.732645
1821.129356
1733.806776
1781.952582
1748.164673
1715.792153
1824.315110
1753.869386
1626.700947
1821.683358
1683.004707
1673.518666
1769.850584
1658.717249
1667.023540
1883.963108
1752.844327
1729.217904
1628.240590
1740.489701
1671.149805
1722.309189
1755.907739
1860.273823
1667.538591
1766.238198
1753.244624
1641.501491
1656.284190
1754.872738
1769.405812
1784.304323
1746.378300
1686.257403
1766.873473
1809.949767
1800.903713
1722.630426
1841.007561
1791.492009
1747.902213
1719.794292
1653.519596
1814.804434
1740.843697
1675.631681
1763.088784
1721.178710
1784.301998
1797.794602
1721.109868
1737.398257
1798.215301
1737.727071
1571.223559
1847.357393
1704.360189
1761.477307
1836.421025
1806.233389
1715.982842
1668.854371
1779.526559
1819.603258
1810.018485
1745.944306
1744.896624
1682.720747
1859.104280
1711.007375
1730.210686
1599.515045
1877.700049
1689.274119
1578.707014
1762.348436
1799.145256
1697.920959
1755.080567
1710.957215
1785.597229
1812.561522
1780.039448
1821.060856
1811.354301
1862.246857
1766.378571
1742.482520
1674.007837
1764.107681
1753.449199
1617.779587
1878.445845
1815.408572
1673.643981
1718.679266
1705.278033
1770.154063
1632.334744
1912.359185
1673.193014
1650.583332
1841.064975
1662.654322
1817.332036
1757.168613
1780.109646
1854.937072
1810.992702
1663.780831
1762.438017
1835.342029
1647.931476
1808.418581
1838.340775
1645.342624
1714.528594
1687.475844
1708.393900
1728.281372
1698.959666
1741.226122
1676.036524
1630.736369
1768.203611
1743.543969
1781.377255
1767.930838
1712.283945
1793.478309
1691.919907
1723.426077
1660.730111
1679.573164
1671.650246
1609.164964
1656.295634
1833.516401
1791.621308
1874.603905
1887.517554
1721.011056
1912.165798
1889.197852
1790.157065
1645.144607
1690.208592
1877.167123
1741.217167
1560.988774
1697.889552
1743.779998
1840.823867
1793.637522
1667.273324
1655.745669
1674.819155
1774.548293
1738.649442
1747.582555
1751.826490
1740.098377
1752.256509
1779.894218
1787.918632
1761.596174
1743.272814
1783.715574
1909.740047
1836.204169
1760.701960
1617.420575
1765.518156
1699.178919
1701.163178
1707.187679
1643.306852
1812.299152
1650.177873
1653.293628
1742.259342
1696.134383
1716.412257
1686.145251
1698.448049
1757.469340
1831.311213
1750.859025
1846.633919
1676.347981
1669.025953
1728.694779
1896.767156
1764.719370
1699.359628
1668.820865
1770.607574
1781.984322
1693.891920
1859.679437
1731.849940
1718.235170
1792.211136
1800.861524
1696.250586
1812.771318
1728.280297
1665.045738
1735.042464
1719.403769
1685.598482
1660.406999
1783.344562
1671.103062
1809.337177
1769.035608
1757.788857
1853.365993
1796.573665
1813.344894
1837.617370
1692.820177
1765.726073
1697.549997
1828.185294
1861.775430
1759.649701
1562.459018
1845.436868
1702.569845
1926.088459
1784.009468
1791.911511
1854.089471
1818.630717
1814.905265
1860.515101
1763.498463
1782.214359
1852.725724
1696.832988
1672.028291
1841.099677
1619.429205
1792.033643
1772.013241
1734.579770
1694.130307
1614.071175
1779.264799
1806.557125
1749.575247
