36186.677624
70987.719548
106552.063440
140468.674070
175688.235868
210010.448259
245814.629786
278026.314792
311717.401497
342752.530088
374744.023105
405238.142880
432570.633291
459762.500601
485923.849991
511251.503519
536649.485420
559388.203336
581442.346620
603747.146349
624592.178528
646340.039186
665563.981930
683888.597317
702563.474084
717739.081609
735159.400342
751778.987711
765443.363400
778055.171067
791108.879372
804267.837428
815713.251533
825183.941073
832710.786982
838604.907376
844799.318456
852578.447390
858217.279572
863883.080700
869824.073494
874124.584465
878112.458687
881524.883738
892364.947241
953112.992460
1014523.518506
1077685.624210
1141983.818991
1203179.377656
1263738.386621
1323426.877612
1379697.045411
1438563.277527
1497828.871026
1555490.932837
1612601.914659
1669500.589845
1731597.957729
1789614.480963
1849567.915657
1907050.145135
1965095.930076
2022059.141727
2075088.512133
2134045.494178
2190350.113498
2241931.628366
2295399.766687
2349885.579472
2402124.004435
2456695.017937
2506192.046933
2555751.668056
2604108.004319
2653548.635855
2704311.699332
2752857.736621
2799150.655215
2845183.772425
2895526.052324
2938706.686070
2982492.666105
3023731.021977
3066727.645985
3109573.621657
3149048.095679
3186036.699260
3230739.996321
3273369.998921
3310506.498327
3348803.590031
3387492.611999
3424464.443359
3458816.145101
3493779.816899
3523701.744831
3559020.296769
3594967.384678
3627708.666462
3661169.826916
3693011.179070
3724024.927293
3757060.251222
3789489.372856
3819855.126195
3847446.038076
3873263.215572
3901144.149865
3928674.072543
3950520.220403
3974195.735711
3996902.964830
4017317.593607
4037829.380341
4055963.143064
4074381.541360
4087510.767893
4100162.417420
4112627.093877
4124890.580767
4134342.364614
4141002.065583
4151107.539929
4168581.163826
4183958.755844
4197673.639316
4210347.129281
4220348.832482
4230428.094050
4238517.787654
4245648.243516
4251171.109274
4262877.071443
4278742.396540
4295486.158072
4311967.441967
4324322.250297
4341138.994896
4355874.844376
4372054.287419
4387705.728032
4402268.843151
4417326.356916
4430818.235966
4443477.173608
4458030.257554
4471959.970120
4483107.762696
4496941.880211
4510023.299420
4522429.755205
4533840.257039
4546536.817962
4556205.512121
4568416.907280
4579571.626619
4591096.843458
4601878.022838
4610861.637745
4620441.796715
4630871.705130
4640850.917249
4652781.109889
4663536.874430
4673620.461770
4683035.063049
4691422.201215
4698782.839342
4707731.278039
4716491.810784
4723522.827447
4732028.571323
4741489.059390
4749593.818419
4756288.245787
4764110.063543
4771003.865061
4779016.184637
4786090.000174
4793450.394587
4799721.060029
4807147.224618
4813710.478885
4820515.712492
4826567.835218
4833758.270162
4839264.153352
4846437.047630
4853085.328549
4859588.928699
4865386.317643
4870867.221571
4876313.719015
4881689.250030
4887533.587714
4893342.962223
4898591.495947
4904583.551503
4910326.508385
4916080.189393
4921103.563194
4926144.903340
4931220.931711
4936763.384774
4941947.526120
4946297.548820
4951277.522975
4955443.155178
4959783.042445
4964686.919155
4968816.585488
4974230.264355
4978371.852526
4983371.152675
4988078.443365
4991364.959639
4995151.659476
4999128.246005
5003066.789260
5007605.256779
5010994.849104
5013915.589114
5017294.171190
5020468.940257
5023713.929046
5027498.126199
5030405.686116
5034089.874176
5036946.397554
5040215.395391
5044217.836732
5047403.026656
5050630.819543
5054474.029238
5075052.602726
5092525.450858
5109135.029642
5126788.739061
5142102.237889
5158384.975760
5174945.305885
5190663.333213
5206943.294792
5222422.092415
5238088.206390
5251569.452937
5268119.323581
5283182.798199
5299376.302010
5312412.723379
5324328.040553
5340516.974350
5357205.406679
5372154.047605
5384301.272247
5397043.319905
5409740.710492
5423216.023400
5435126.368819
5445466.988210
5454837.720775
5463301.645385
5470257.676322
5479012.572781
5487365.343221
5495068.861660
5503567.240443
5509934.766253
5515189.564391
5521299.505222
5525182.425956
5528400.768443
5531580.606166
5533893.477179
5537069.931330
5540222.396796
5542957.701841
5545384.565308
5547521.805989
5549885.356114
5551995.494626
5554099.530775
5555826.826636
5557917.719650
5560465.939268
5562851.483992
5565139.726836
5566862.530101
5568542.149326
5569722.524300
5575129.657151
5594962.948560
5617731.394323
5638641.181712
5659955.467988
5681808.936274
5702096.347190
5724689.343715
5745346.273312
5766649.567388
5784972.297553
5801082.550767
5820336.225319
5838987.169548
5866399.741148
5889382.570872
5911422.786112
5955377.358517
6023539.281761
6095111.311091
6161635.030363
6230580.256427
6299999.742054
