2280.170832
2330.116846
2294.800994
2384.278237
2250.902206
2213.351471
2148.019475
2355.020625
2228.481900
2178.549370
2175.075394
2148.468543
2195.786151
2155.482625
2400.154876
2192.571564
2182.220757
2227.523925
2188.996844
2215.843903
2218.808630
2168.917444
2294.164196
2315.716017
2244.861012
2302.172430
2277.099447
2187.071835
2358.683267
2057.135300
2221.258912
2314.030211
2313.093545
2367.111851
2185.205157
2279.657639
2203.444301
2083.233840
2270.857470
2257.223021
2256.968882
2237.952665
2236.627543
2354.988954
2310.516106
2248.995772
2169.733638
2304.908976
2239.958164
2324.965139
2335.796579
2257.722380
2257.536242
2274.306232
2259.541169
2232.343164
2262.088535
2301.606817
2181.405341
2350.754635
2241.310955
2022.800310
2210.585800
2294.076172
2260.126929
2318.867132
2277.627385
2225.413575
2185.186827
2187.269532
2165.479420
2151.287544
2302.614144
2239.083330
2299.072116
2258.569366
2205.091760
2336.518899
2306.944508
2293.536418
2316.645636
2274.962261
2286.013188
2341.059018
2338.312720
2116.865073
2397.027346
2170.277875
2209.782396
2197.178466
2305.273724
2309.198129
2331.565940
2207.894780
2137.628365
2340.014082
2289.033613
2191.856774
2241.870938
2128.688513
2224.803759
2283.078902
2185.712466
2321.973311
2440.304349
2261.722114
2211.511564
2148.304405
2330.084991
2310.894121
2336.847406
2244.074981
2113.166599
2265.523771
2216.224046
2300.342685
2161.520286
2386.472655
2272.800352
2212.351400
2312.945564
2280.066428
2230.927974
2254.199389
2162.409296
2301.432817
2318.634382
2220.145459
2293.941050
2301.360118
2214.216176
2242.363733
2367.007403
2437.760210
2356.827117
2319.635492
2282.828130
2526.132722
2382.682653
2371.414927
2301.382810
2336.122620
2224.064913
2243.527070
2216.684777
2265.663006
2361.558234
2247.399875
2287.974965
2251.631412
2284.259431
2159.991019
2392.650543
2266.863275
2377.532511
2340.238191
2276.448002
2310.228828
2233.175795
2326.338325
2337.117913
2212.736920
2185.060015
2168.963483
2273.934444
2338.945794
2318.995591
2280.585757
2297.037216
2038.233861
2306.636593
2322.858518
2307.543781
2207.029894
2366.556315
2074.332043
2141.405814
2406.887442
2280.787099
2229.397266
2310.536090
2310.649973
2307.015878
2330.524183
2275.321007
2112.193140
2197.460738
2291.301572
2271.814937
2248.715969
2277.302396
2280.110380
2285.012543
2411.483912
2385.877474
2204.929494
2388.538338
2325.001493
2276.218419
2163.385686
2300.557991
2293.756166
2251.128003
2295.757952
2173.469495
2194.272079
2246.102469
2237.466482
2196.010159
2305.189134
2239.902488
2363.198991
2355.138020
2239.332113
2245.212671
2211.084206
2346.901702
2366.928701
2248.864105
2287.563178
2202.520688
2290.403668
2446.672583
2341.414057
2180.018139
2197.952689
2271.843955
2179.439038
2257.989919
2459.297724
2216.295128
2283.863454
2348.502348
2323.255246
2177.965827
2340.467184
2245.816395
2136.235823
2260.130827
2271.526175
2364.705290
2228.345354
2355.810028
2248.853921
2225.074254
2263.654852
2366.521169
2279.040362
2276.815888
2255.831735
2258.268031
2479.096414
2223.930592
2289.703344
2152.764842
2180.013185
2268.987482
2147.512807
2354.814411
2291.859915
2167.828302
2388.831925
2158.294826
2297.059883
2155.350641
2257.597146
2297.751331
2160.397702
2248.960494
2229.752712
2067.445183
2074.210422
2272.806707
2239.999012
2348.577251
2293.765028
2256.157916
2196.594981
2388.235226
2293.218700
2204.918868
2192.920264
2157.809475
2335.640845
2331.057478
2158.432100
2303.960691
2303.126450
2236.497737
2103.470199
2406.358083
2314.931442
2300.026540
2198.238952
2206.521850
2225.564685
2334.568980
2114.636996
2260.108917
2220.325170
2208.546844
2251.680248
2315.132414
2257.073086
2140.320833
2354.948089
2237.742979
2296.767799
2240.688721
2219.990397
2311.892927
2229.469580
2284.946901
2353.969361
2326.743023
2486.123735
2314.222443
2250.410188
2271.506869
2341.856113
2313.465952
2334.133588
2228.082790
2335.437006
2200.535279
2360.507842
2298.706744
2303.615306
2139.030166
2416.501469
2265.529056
2254.139303
2184.696559
2169.857982
2357.971344
2185.268908
2213.975538
2208.525158
2338.687704
2350.269932
2385.015288
2296.536933
2324.593346
2250.248094
2256.051448
2320.112066
2416.873645
2081.880846
2266.072552
2276.885240
2289.425196
2289.706891
2120.475738
2259.813363
2272.791110
2298.400976
2365.658109
2295.966099
2207.378779
2287.376685
2209.163915
2169.960475
2348.113476
2331.182734
2281.545957
2411.786332
2272.197780
2159.057930
2237.947461
2314.790061
2119.121927
2365.373182
2248.580944
2332.716991
2311.703668
2189.274275
2197.106725
2246.636531
2389.238393
2304.916249
2340.798796
2337.314902
2270.995226
2380.063137
2281.840034
2245.355829
2358.320718
2181.934824
2316.280539
2253.996243
2202.043741
2364.483675
2202.849449
2163.549750
2385.579139
2212.244169
2244.967000
2376.343334
2320.350822
2284.499691
2182.465788
2223.391760
2283.155465
2072.931752
2377.385747
2224.755349
2216.746709
2264.773234
2212.280699
2281.055891
2304.452451
2323.151403
2152.155807
2300.256910
2353.555113
2141.174084
2288.567557
2303.390561
2255.229062
2378.950290
2169.400404
2318.357773
2273.354715
2194.925782
2245.152601
2459.336584
2098.177713
2205.978614
2336.064489
2362.309422
2294.682660
2174.796379
2259.100779
2279.060585
2233.904363
2301.503084
2260.908557
2184.357448
2307.330465
2246.641846
2385.894780
2317.163279
2209.937180
2199.268343
2154.255140
2267.508001
2192.353566
2237.243775
2330.177358
2230.126890
2189.854354
2209.357766
2334.621232
2480.382709
2117.229133
2389.535668
2250.012172
2324.822225
2388.905301
2130.171247
2477.927349
2377.966528
2277.646461
2327.831757
2179.231076
2208.225437
2124.548172
2272.926071
2247.874751
2274.533522
2307.659638
2352.387927
2199.029243
2254.024347
2249.511930
2263.800867
2194.492796
2303.468005
2233.358819
2398.478011
2350.241599
2208.703708
2269.411677
2230.153609
2239.920252
2254.995687
2254.987460
2164.355478
2377.420025
2301.571348
2149.270678
2346.451745
2343.135824
2184.018604
2343.709339
2230.310211
2166.975808
2292.169099
2317.653772
2254.484031
